501
0.1 0.1 0.2
0.101 0.1 0.2
0.102000006 0.1 0.2
0.10300001 0.1 0.2
0.10400001 0.1 0.2
0.10500001 0.1 0.2
0.10600001 0.1 0.2
0.107000016 0.1 0.2
0.10800002 0.1 0.2
0.10900002 0.1 0.2
0.11000002 0.1 0.2
0.111000024 0.1 0.2
0.112000026 0.1 0.2
0.11300003 0.1 0.2
0.11400003 0.1 0.2
0.11500003 0.1 0.2
0.116000034 0.1 0.2
0.117000036 0.1 0.2
0.11800004 0.1 0.2
0.11900004 0.1 0.2
0.12000004 0.1 0.2
0.121000044 0.1 0.2
0.122000046 0.1 0.2
0.12300005 0.1 0.2
0.12400005 0.1 0.2
0.12500004 0.1 0.2
0.12600005 0.1 0.2
0.12700005 0.1 0.2
0.12800005 0.1 0.2
0.12900005 0.1 0.2
0.13000005 0.1 0.2
0.13100006 0.1 0.2
0.13200006 0.1 0.2
0.13300006 0.1 0.2
0.13400006 0.1 0.2
0.13500006 0.1 0.2
0.13600007 0.1 0.2
0.13700007 0.1 0.2
0.13800007 0.1 0.2
0.13900007 0.1 0.2
0.14000008 0.1 0.2
0.14100008 0.1 0.2
0.14200008 0.1 0.2
0.14300008 0.1 0.2
0.14400008 0.1 0.2
0.14500009 0.1 0.2
0.14600009 0.1 0.2
0.14700009 0.1 0.2
0.14800009 0.1 0.2
0.1490001 0.1 0.2
0.1500001 0.1 0.2
0.1510001 0.1 0.2
0.1520001 0.1 0.2
0.1530001 0.1 0.2
0.1540001 0.1 0.2
0.1550001 0.1 0.2
0.15600011 0.1 0.2
0.15700011 0.1 0.2
0.15800011 0.1 0.2
0.15900011 0.1 0.2
0.16000012 0.1 0.2
0.16100012 0.1 0.2
0.16200012 0.1 0.2
0.16300012 0.1 0.2
0.16400012 0.1 0.2
0.16500013 0.1 0.2
0.16600013 0.1 0.2
0.16700013 0.1 0.2
0.16800013 0.1 0.2
0.16900013 0.1 0.2
0.17000014 0.1 0.2
0.17100014 0.1 0.2
0.17200014 0.1 0.2
0.17300014 0.1 0.2
0.17400014 0.1 0.2
0.17500015 0.1 0.2
0.17600015 0.1 0.2
0.17700015 0.1 0.2
0.17800015 0.1 0.2
0.17900015 0.1 0.2
0.18000016 0.1 0.2
0.18100016 0.1 0.2
0.18200016 0.1 0.2
0.18300016 0.1 0.2
0.18400016 0.1 0.2
0.18500017 0.1 0.2
0.18600017 0.1 0.2
0.18700017 0.1 0.2
0.18800017 0.1 0.2
0.18900017 0.1 0.2
0.19000018 0.1 0.2
0.19100018 0.1 0.2
0.19200018 0.1 0.2
0.19300018 0.1 0.2
0.19400018 0.1 0.2
0.19500019 0.1 0.2
0.19600019 0.1 0.2
0.19700019 0.1 0.2
0.1980002 0.1 0.2
0.1990002 0.1 0.2
0.2000002 0.1 0.2
0.2010002 0.1 0.2
0.2020002 0.1 0.2
0.2030002 0.1 0.2
0.2040002 0.1 0.2
0.2050002 0.1 0.2
0.20600021 0.1 0.2
0.20700021 0.1 0.2
0.20800021 0.1 0.2
0.20900021 0.1 0.2
0.21000022 0.1 0.2
0.21100022 0.1 0.2
0.21200022 0.1 0.2
0.21300022 0.1 0.2
0.21400023 0.1 0.2
0.21500023 0.1 0.2
0.21600023 0.1 0.2
0.21700023 0.1 0.2
0.21800023 0.1 0.2
0.21900024 0.1 0.2
0.22000024 0.1 0.2
0.22100024 0.1 0.2
0.22200024 0.1 0.2
0.22300024 0.1 0.2
0.22400025 0.1 0.2
0.22500025 0.1 0.2
0.22600025 0.1 0.2
0.22700025 0.1 0.2
0.22800025 0.1 0.2
0.22900026 0.1 0.2
0.23000026 0.1 0.2
0.23100026 0.1 0.2
0.23200026 0.1 0.2
0.23300026 0.1 0.2
0.23400027 0.1 0.2
0.23500027 0.1 0.2
0.23600027 0.1 0.2
0.23700027 0.1 0.2
0.23800027 0.1 0.2
0.23900028 0.1 0.2
0.24000028 0.1 0.2
0.24100028 0.1 0.2
0.24200028 0.1 0.2
0.24300028 0.1 0.2
0.24400029 0.1 0.2
0.24500029 0.1 0.2
0.24600029 0.1 0.2
0.24700029 0.1 0.2
0.2480003 0.1 0.2
0.2490003 0.1 0.2
0.2500003 0.1 0.2
0.2510003 0.1 0.2
0.25200027 0.1 0.2
0.25300026 0.1 0.2
0.25400025 0.1 0.2
0.25500023 0.1 0.2
0.25600022 0.1 0.2
0.2570002 0.1 0.2
0.2580002 0.1 0.2
0.25900018 0.1 0.2
0.26000017 0.1 0.2
0.26100016 0.1 0.2
0.26200014 0.1 0.2
0.26300013 0.1 0.2
0.26400012 0.1 0.2
0.2650001 0.1 0.2
0.2660001 0.1 0.2
0.26700008 0.1 0.2
0.26800007 0.1 0.2
0.26900005 0.1 0.2
0.27000004 0.1 0.2
0.27100003 0.1 0.2
0.272 0.1 0.2
0.273 0.1 0.2
0.274 0.1 0.2
0.27499998 0.1 0.2
0.27599996 0.1 0.2
0.27699995 0.1 0.2
0.27799994 0.1 0.2
0.27899992 0.1 0.2
0.2799999 0.1 0.2
0.2809999 0.1 0.2
0.2819999 0.1 0.2
0.28299987 0.1 0.2
0.28399986 0.1 0.2
0.28499985 0.1 0.2
0.28599983 0.1 0.2
0.28699982 0.1 0.2
0.2879998 0.1 0.2
0.2889998 0.1 0.2
0.28999978 0.1 0.2
0.29099977 0.1 0.2
0.29199976 0.1 0.2
0.29299974 0.1 0.2
0.29399973 0.1 0.2
0.29499972 0.1 0.2
0.2959997 0.1 0.2
0.2969997 0.1 0.2
0.29799968 0.1 0.2
0.29899967 0.1 0.2
0.29999965 0.1 0.2
0.30099964 0.1 0.2
0.30199963 0.1 0.2
0.30299962 0.1 0.2
0.3039996 0.1 0.2
0.3049996 0.1 0.2
0.30599958 0.1 0.2
0.30699956 0.1 0.2
0.30799955 0.1 0.2
0.30899954 0.1 0.2
0.30999953 0.1 0.2
0.3109995 0.1 0.2
0.3119995 0.1 0.2
0.3129995 0.1 0.2
0.31399947 0.1 0.2
0.31499946 0.1 0.2
0.31599945 0.1 0.2
0.31699944 0.1 0.2
0.31799942 0.1 0.2
0.3189994 0.1 0.2
0.3199994 0.1 0.2
0.32099938 0.1 0.2
0.32199937 0.1 0.2
0.32299936 0.1 0.2
0.32399935 0.1 0.2
0.32499933 0.1 0.2
0.32599932 0.1 0.2
0.3269993 0.1 0.2
0.3279993 0.1 0.2
0.32899928 0.1 0.2
0.32999927 0.1 0.2
0.33099926 0.1 0.2
0.33199924 0.1 0.2
0.33299923 0.1 0.2
0.33399922 0.1 0.2
0.3349992 0.1 0.2
0.3359992 0.1 0.2
0.33699918 0.1 0.2
0.33799917 0.1 0.2
0.33899915 0.1 0.2
0.33999914 0.1 0.2
0.34099913 0.1 0.2
0.3419991 0.1 0.2
0.3429991 0.1 0.2
0.3439991 0.1 0.2
0.34499907 0.1 0.2
0.34599906 0.1 0.2
0.34699905 0.1 0.2
0.34799904 0.1 0.2
0.34899902 0.1 0.2
0.349999 0.1 0.2
0.350999 0.1 0.2
0.35199898 0.1 0.2
0.35299897 0.1 0.2
0.35399896 0.1 0.2
0.35499895 0.1 0.2
0.35599893 0.1 0.2
0.35699892 0.1 0.2
0.3579989 0.1 0.2
0.3589989 0.1 0.2
0.35999888 0.1 0.2
0.36099887 0.1 0.2
0.36199886 0.1 0.2
0.36299884 0.1 0.2
0.36399883 0.1 0.2
0.36499882 0.1 0.2
0.3659988 0.1 0.2
0.3669988 0.1 0.2
0.36799878 0.1 0.2
0.36899877 0.1 0.2
0.36999875 0.1 0.2
0.37099874 0.1 0.2
0.37199873 0.1 0.2
0.3729987 0.1 0.2
0.3739987 0.1 0.2
0.3749987 0.1 0.2
0.37599868 0.1 0.2
0.37699866 0.1 0.2
0.37799865 0.1 0.2
0.37899864 0.1 0.2
0.37999862 0.1 0.2
0.3809986 0.1 0.2
0.3819986 0.1 0.2
0.3829986 0.1 0.2
0.38399857 0.1 0.2
0.38499856 0.1 0.2
0.38599855 0.1 0.2
0.38699853 0.1 0.2
0.38799852 0.1 0.2
0.3889985 0.1 0.2
0.3899985 0.1 0.2
0.39099848 0.1 0.2
0.39199847 0.1 0.2
0.39299846 0.1 0.2
0.39399844 0.1 0.2
0.39499843 0.1 0.2
0.39599842 0.1 0.2
0.3969984 0.1 0.2
0.3979984 0.1 0.2
0.39899838 0.1 0.2
0.39999837 0.1 0.2
0.40099835 0.1 0.2
0.40199834 0.1 0.2
0.40299833 0.1 0.2
0.40399832 0.1 0.2
0.4049983 0.1 0.2
0.4059983 0.1 0.2
0.40699828 0.1 0.2
0.40799826 0.1 0.2
0.40899825 0.1 0.2
0.40999824 0.1 0.2
0.41099823 0.1 0.2
0.4119982 0.1 0.2
0.4129982 0.1 0.2
0.4139982 0.1 0.2
0.41499817 0.1 0.2
0.41599816 0.1 0.2
0.41699815 0.1 0.2
0.41799814 0.1 0.2
0.41899812 0.1 0.2
0.4199981 0.1 0.2
0.4209981 0.1 0.2
0.42199808 0.1 0.2
0.42299807 0.1 0.2
0.42399806 0.1 0.2
0.42499804 0.1 0.2
0.42599803 0.1 0.2
0.42699802 0.1 0.2
0.427998 0.1 0.2
0.428998 0.1 0.2
0.42999798 0.1 0.2
0.43099797 0.1 0.2
0.43199795 0.1 0.2
0.43299794 0.1 0.2
0.43399793 0.1 0.2
0.43499792 0.1 0.2
0.4359979 0.1 0.2
0.4369979 0.1 0.2
0.43799788 0.1 0.2
0.43899786 0.1 0.2
0.43999785 0.1 0.2
0.44099784 0.1 0.2
0.44199783 0.1 0.2
0.4429978 0.1 0.2
0.4439978 0.1 0.2
0.4449978 0.1 0.2
0.44599777 0.1 0.2
0.44699776 0.1 0.2
0.44799775 0.1 0.2
0.44899774 0.1 0.2
0.44999772 0.1 0.2
0.4509977 0.1 0.2
0.4519977 0.1 0.2
0.45299768 0.1 0.2
0.45399767 0.1 0.2
0.45499766 0.1 0.2
0.45599765 0.1 0.2
0.45699763 0.1 0.2
0.45799762 0.1 0.2
0.4589976 0.1 0.2
0.4599976 0.1 0.2
0.46099758 0.1 0.2
0.46199757 0.1 0.2
0.46299756 0.1 0.2
0.46399754 0.1 0.2
0.46499753 0.1 0.2
0.46599752 0.1 0.2
0.4669975 0.1 0.2
0.4679975 0.1 0.2
0.46899748 0.1 0.2
0.46999747 0.1 0.2
0.47099745 0.1 0.2
0.47199744 0.1 0.2
0.47299743 0.1 0.2
0.4739974 0.1 0.2
0.4749974 0.1 0.2
0.4759974 0.1 0.2
0.47699738 0.1 0.2
0.47799736 0.1 0.2
0.47899735 0.1 0.2
0.47999734 0.1 0.2
0.48099732 0.1 0.2
0.4819973 0.1 0.2
0.4829973 0.1 0.2
0.4839973 0.1 0.2
0.48499727 0.1 0.2
0.48599726 0.1 0.2
0.48699725 0.1 0.2
0.48799723 0.1 0.2
0.48899722 0.1 0.2
0.4899972 0.1 0.2
0.4909972 0.1 0.2
0.49199718 0.1 0.2
0.49299717 0.1 0.2
0.49399716 0.1 0.2
0.49499714 0.1 0.2
0.49599713 0.1 0.2
0.49699712 0.1 0.2
0.4979971 0.1 0.2
0.4989971 0.1 0.2
0.49999708 0.1 0.2
0.5 0.1 0.2
0.5 0.101 0.2
0.5 0.102000006 0.2
0.5 0.10300001 0.2
0.5 0.10400001 0.2
0.5 0.10500001 0.2
0.5 0.10600001 0.2
0.5 0.107000016 0.2
0.5 0.10800002 0.2
0.5 0.10900002 0.2
0.5 0.11000002 0.2
0.5 0.111000024 0.2
0.5 0.112000026 0.2
0.5 0.11300003 0.2
0.5 0.11400003 0.2
0.5 0.11500003 0.2
0.5 0.116000034 0.2
0.5 0.117000036 0.2
0.5 0.11800004 0.2
0.5 0.11900004 0.2
0.5 0.12000004 0.2
0.5 0.121000044 0.2
0.5 0.122000046 0.2
0.5 0.12300005 0.2
0.5 0.12400005 0.2
0.5 0.12500004 0.2
0.5 0.12600005 0.2
0.5 0.12700005 0.2
0.5 0.12800005 0.2
0.5 0.12900005 0.2
0.5 0.13000005 0.2
0.5 0.13100006 0.2
0.5 0.13200006 0.2
0.5 0.13300006 0.2
0.5 0.13400006 0.2
0.5 0.13500006 0.2
0.5 0.13600007 0.2
0.5 0.13700007 0.2
0.5 0.13800007 0.2
0.5 0.13900007 0.2
0.5 0.14000008 0.2
0.5 0.14100008 0.2
0.5 0.14200008 0.2
0.5 0.14300008 0.2
0.5 0.14400008 0.2
0.5 0.14500009 0.2
0.5 0.14600009 0.2
0.5 0.14700009 0.2
0.5 0.14800009 0.2
0.5 0.1490001 0.2
0.5 0.1500001 0.2
0.5 0.1510001 0.2
0.5 0.1520001 0.2
0.5 0.1530001 0.2
0.5 0.1540001 0.2
0.5 0.1550001 0.2
0.5 0.15600011 0.2
0.5 0.15700011 0.2
0.5 0.15800011 0.2
0.5 0.15900011 0.2
0.5 0.16000012 0.2
0.5 0.16100012 0.2
0.5 0.16200012 0.2
0.5 0.16300012 0.2
0.5 0.16400012 0.2
0.5 0.16500013 0.2
0.5 0.16600013 0.2
0.5 0.16700013 0.2
0.5 0.16800013 0.2
0.5 0.16900013 0.2
0.5 0.17000014 0.2
0.5 0.17100014 0.2
0.5 0.17200014 0.2
0.5 0.17300014 0.2
0.5 0.17400014 0.2
0.5 0.17500015 0.2
0.5 0.17600015 0.2
0.5 0.17700015 0.2
0.5 0.17800015 0.2
0.5 0.17900015 0.2
0.5 0.18000016 0.2
0.5 0.18100016 0.2
0.5 0.18200016 0.2
0.5 0.18300016 0.2
0.5 0.18400016 0.2
0.5 0.18500017 0.2
0.5 0.18600017 0.2
0.5 0.18700017 0.2
0.5 0.18800017 0.2
0.5 0.18900017 0.2
0.5 0.19000018 0.2
0.5 0.19100018 0.2
0.5 0.19200018 0.2
0.5 0.19300018 0.2
0.5 0.19400018 0.2
0.5 0.19500019 0.2
0.5 0.19600019 0.2
0.5 0.19700019 0.2
0.5 0.1980002 0.2
0.5 0.1990002 0.2
0.5 0.2 0.2